70 69 
72 21 39 91 87 9 62 21 36 1 7 33 72 81 80 51 87 93 55 59 78 9 54 27 22 22 93 6 17 56 80 99 95 14 32 1 60 96 21 28 82 60 3 58 57 1 
23 21 90 49 20 25 98 6 23 98 33 74 4 12 79 88 10 43 55 6 60 69 71 57 73 57 94 14 72 18 99 92 51 80 34 89 37 83 89 1 26 71 96 59 20 13 13 33 53 60 24 27 54 38 56 13 29 100 100 31 50 23 64 15 61 14 
72 27 3 3 29 70 31 65 61 70 29 38 87 39 45 40 69 93 52 9 50 8 48 90 9 50 27 68 70 57 18 
48 33 9 1 92 38 60 44 52 32 71 45 44 46 34 46 7 71 83 85 34 41 23 28 66 27 12 79 62 57 19 50 20 96 39 54 
65 21 44 77 
9 65 30 77 98 7 30 51 53 21 64 97 38 90 8 71 49 3 100 65 90 41 73 51 14 40 32 60 86 56 90 95 36 20 46 35 76 51 84 69 6 43 9 11 32 55 75 70 84 48 42 61 95 82 32 44 31 68 43 53 75 48 9 20 79 3 27 30 21 17 40 68 
5 85 51 27 13 11 2 51 18 73 18 50 27 36 82 81 25 95 70 35 
6 88 13 80 34 11 82 44 84 60 36 41 42 2 15 10 68 48 7 24 6 47 13 98 47 100 93 43 40 31 29 27 16 79 17 20 64 14 7 70 33 2 12 59 90 76 64 3 23 30 94 29 9 59 100 9 73 56 1 3 55 75 62 1 72 73 45 46 92 52 67 68 78 10 5 43 40 49 52 51 29 76 30 12 53 65 26 6 29 55 35 53 3 6 26 6 
20 28 15 31 10 9 2 49 88 76 90 75 23 26 30 87 12 13 58 91 85 66 39 9 91 44 53 11 69 70 87 29 47 94 20 22 80 36 6 9 87 21 69 45 10 86 65 44 69 66 75 56 96 51 56 97 19 35 54 81 47 96 92 54 79 
18 48 16 9 93 67 91 25 8 85 43 95 96 13 31 93 35 89 97 77 17 89 50 43 
18 84 84 51 16 95 18 86 71 11 70 86 21 19 46 100 61 17 8 67 25 93 68 38 89 2 49 44 52 71 23 90 90 35 33 73 43 3 2 97 96 3 1 70 27 63 16 39 39 41 36 35 100 50 48 3 90 58 42 85 3 93 69 54 10 41 36 73 95 43 46 20 60 7 97 81 86 42 75 79 79 33 28 11 43 16 6 
59 84 98 12 7 17 56 92 43 22 73 23 80 10 20 56 43 66 69 6 65 89 27 20 59 25 77 19 71 58 98 17 26 42 31 37 15 32 9 42 36 7 35 22 83 11 61 85 10 33 75 17 33 55 17 16 12 3 59 87 55 66 47 71 31 28 75 55 11 37 96 83 79 78 70 4 31 38 79 45 72 76 66 27 35 
39 8 1 66 85 57 97 34 52 53 2 90 47 17 94 81 46 86 82 46 52 57 77 69 75 38 75 7 69 71 75 77 68 88 14 9 91 26 29 82 31 17 56 66 35 20 
40 91 81 88 49 80 73 8 98 97 56 12 36 87 14 41 55 11 78 81 43 44 4 28 91 78 6 23 59 13 27 39 9 37 63 1 73 95 28 84 85 7 35 64 53 28 78 39 93 93 46 18 20 73 4 75 66 52 19 1 23 84 12 31 22 51 2 43 5 32 78 95 30 89 32 62 32 54 4 64 33 57 
100 3 34 57 18 32 88 97 25 82 41 27 6 98 88 2 40 4 87 85 48 81 64 30 75 58 63 31 92 13 1 16 
47 88 45 74 38 35 46 76 74 62 97 95 11 25 63 25 99 14 68 78 53 47 65 22 86 89 99 91 45 28 96 79 12 12 66 53 5 14 72 99 14 18 38 42 89 36 85 73 15 45 76 80 86 15 
17 19 28 86 70 23 29 2 87 97 32 23 3 86 11 49 62 93 19 2 59 28 81 86 54 17 41 91 73 19 14 4 22 12 95 61 40 59 87 28 80 5 84 31 84 55 83 9 23 90 77 47 6 42 26 49 20 90 58 52 83 91 73 50 44 2 95 66 8 37 11 91 38 24 93 64 66 24 100 59 
13 95 25 90 32 84 98 12 31 44 3 53 69 65 53 45 65 32 22 92 100 88 18 40 43 87 7 51 77 1 20 88 74 82 8 100 84 86 90 86 
63 72 82 98 71 13 80 92 32 62 65 53 65 53 14 84 27 53 21 40 87 93 17 72 94 29 59 83 73 40 77 50 40 65 80 80 86 80 61 97 97 84 18 1 54 93 96 65 67 9 10 67 26 52 26 16 100 49 1 65 12 66 79 37 28 100 54 75 40 54 46 45 84 36 53 4 
46 38 87 39 35 5 54 98 55 59 68 68 53 77 85 41 63 50 80 13 48 25 26 48 14 52 9 3 22 3 58 57 18 14 41 58 10 65 80 50 92 39 5 84 69 83 11 38 100 46 5 26 16 53 12 87 74 93 46 48 28 68 9 23 20 
50 60 16 70 67 84 43 12 16 89 10 15 47 11 38 78 69 95 39 5 24 90 55 42 5 51 87 83 80 93 4 14 25 57 52 94 77 73 72 27 18 47 46 48 75 20 84 96 35 13 13 37 68 76 94 23 55 55 53 12 32 65 19 62 52 23 70 3 16 92 45 36 97 33 93 
30 15 55 90 67 38 40 6 91 94 69 22 43 18 12 63 45 61 3 5 6 3 41 77 83 84 68 17 76 45 38 54 91 11 81 30 57 10 
2 30 2 55 25 
42 10 29 30 8 83 33 84 45 40 59 28 47 52 30 11 51 78 29 6 74 25 18 73 98 75 13 95 64 98 81 93 25 12 54 54 43 19 7 67 59 57 25 40 41 6 89 100 49 89 43 30 42 29 71 31 75 26 5 64 72 24 95 66 37 81 27 8 43 
52 6 1 40 85 69 30 52 63 34 57 23 21 6 71 87 29 94 9 90 37 13 3 60 34 82 24 87 94 81 82 7 81 32 84 52 6 57 43 64 4 57 29 26 69 49 97 43 88 97 87 34 93 66 
95 71 63 33 36 7 73 9 76 35 96 7 62 54 5 57 37 98 66 95 79 22 77 35 10 54 93 63 57 44 76 94 53 47 57 68 28 81 27 56 77 58 23 16 56 76 64 14 75 36 20 27 70 27 46 92 19 28 30 23 17 33 19 96 96 58 71 66 36 94 86 69 100 85 5 91 75 88 46 53 8 23 
26 86 45 32 16 93 12 46 88 79 83 29 75 56 71 28 97 16 98 76 61 97 67 9 49 78 6 66 77 32 97 18 40 32 80 14 56 38 41 94 32 92 37 43 20 85 57 43 95 36 63 14 95 88 13 12 80 29 88 5 36 75 81 18 2 78 34 5 64 71 42 91 27 89 13 81 20 36 62 30 9 31 43 42 87 97 61 64 8 11 
99 38 89 63 87 95 22 87 91 5 
12 93 18 11 93 49 89 62 91 30 79 87 68 85 40 12 72 74 71 61 62 51 89 62 92 51 44 88 96 4 6 21 29 88 14 58 33 60 15 48 19 70 42 47 58 30 97 70 48 19 32 36 73 75 55 63 8 29 28 46 31 18 21 61 83 25 
64 94 93 35 64 35 36 57 42 69 41 21 64 81 82 
96 54 58 45 7 88 28 21 51 24 65 26 57 
63 53 96 9 63 35 40 2 84 55 45 54 84 3 79 18 11 50 21 78 46 25 42 27 59 60 15 50 87 34 73 89 38 
80 62 29 72 73 46 66 21 55 60 91 91 51 58 9 81 47 70 63 56 70 35 80 30 3 31 1 41 40 18 69 96 53 2 13 26 54 69 88 97 6 41 39 46 54 70 41 55 28 37 46 56 83 65 62 81 46 62 97 94 50 79 76 5 33 78 60 
19 87 85 2 89 100 62 23 6 41 72 62 25 9 15 83 33 65 84 70 90 70 60 82 80 78 34 24 25 98 9 80 30 96 30 94 21 56 79 75 3 41 26 92 16 17 54 50 18 50 45 22 63 92 9 54 39 49 41 26 42 13 95 42 79 57 64 41 15 36 56 86 
23 75 22 37 87 31 61 3 6 14 22 68 73 76 67 37 65 19 20 57 31 80 15 13 13 48 25 93 92 86 24 7 36 48 24 41 67 38 76 56 14 90 34 2 4 94 47 88 67 38 71 77 50 98 4 87 21 43 70 16 38 100 22 69 76 69 96 90 71 50 90 16 3 99 31 4 69 22 86 25 21 65 50 
19 39 52 48 25 17 96 39 24 96 86 30 52 16 21 63 52 18 52 85 24 7 70 16 27 90 62 53 3 35 1 60 20 44 72 31 35 74 92 92 20 100 24 80 
5 55 96 1 81 1 41 52 69 76 84 17 65 75 16 2 52 42 36 85 37 91 91 47 7 22 91 39 48 1 18 10 8 31 44 71 8 23 80 12 87 59 74 84 52 23 98 56 10 79 69 23 71 30 57 76 80 54 62 73 95 19 66 56 82 95 71 22 61 43 82 29 13 55 14 35 14 92 42 6 47 
41 88 12 95 7 25 32 7 4 64 44 24 2 81 34 62 59 96 81 36 100 2 56 88 66 18 12 71 100 83 10 45 43 59 33 11 76 69 7 32 65 91 8 38 18 83 5 4 45 12 7 59 80 11 33 62 20 25 80 100 100 7 
93 28 53 46 63 77 70 7 14 55 92 93 9 5 15 82 56 90 92 12 21 95 37 28 75 9 22 21 36 49 27 98 95 82 58 53 75 63 16 76 2 69 100 3 100 65 35 35 50 58 7 68 61 17 13 92 61 57 3 25 44 
74 2 15 28 95 19 9 98 84 100 54 49 13 74 86 41 69 76 72 36 50 36 68 6 6 55 53 46 68 14 18 55 44 13 60 49 4 77 87 63 26 39 23 66 85 33 90 81 10 47 52 
33 79 11 23 11 72 71 8 27 14 25 28 6 25 79 40 52 56 42 86 86 82 55 21 41 80 36 19 34 27 62 15 12 1 6 72 78 87 41 48 32 53 68 50 33 16 83 80 68 28 93 92 37 28 16 82 20 97 33 88 51 76 62 49 32 14 100 71 
26 35 87 26 74 84 38 60 88 89 35 6 88 43 83 43 86 46 37 41 78 76 49 66 86 48 62 2 21 81 32 23 17 31 25 26 88 61 90 63 48 97 80 30 56 2 40 51 10 35 77 94 92 78 57 80 75 43 3 91 38 21 87 69 28 8 44 25 
77 60 73 2 78 53 21 100 41 55 99 53 30 1 58 60 28 40 9 95 2 40 51 27 32 24 44 40 59 20 22 5 75 57 1 82 4 28 14 92 
77 59 42 55 49 41 66 70 13 26 69 45 52 67 64 55 52 44 32 29 69 76 11 51 58 98 90 87 15 61 83 98 99 99 91 68 56 46 92 7 9 31 47 21 36 28 24 71 95 4 5 84 16 84 81 74 65 39 76 53 84 12 
37 54 69 22 
35 66 71 33 39 47 2 85 50 22 99 41 2 96 19 99 91 86 6 28 73 27 34 41 18 27 94 76 46 19 27 53 85 96 74 90 79 42 32 10 
65 38 63 97 56 66 71 42 94 37 81 64 27 25 19 85 11 49 88 4 34 42 30 19 77 17 45 76 67 100 22 81 44 6 61 35 33 55 63 86 44 12 78 35 21 30 33 42 76 1 27 60 97 57 88 21 62 90 99 86 32 93 57 91 90 78 98 97 68 
64 71 79 93 57 38 93 16 78 56 25 22 48 51 81 42 14 29 8 22 18 28 97 12 43 66 78 49 13 9 92 39 84 76 49 42 
60 36 43 94 55 59 43 62 46 58 3 68 41 91 58 82 78 93 78 11 91 49 80 78 76 53 41 65 25 42 16 81 13 80 80 88 6 19 14 3 6 40 62 10 44 49 71 74 66 66 73 29 62 56 52 92 52 68 61 24 35 39 84 91 59 54 58 78 11 41 76 35 51 41 63 53 76 50 89 82 23 48 97 60 95 40 66 87 31 98 74 16 80 90 78 27 58 
44 67 36 43 65 69 76 68 98 41 98 79 62 28 29 51 55 45 67 22 48 68 59 46 55 22 90 20 57 47 36 12 35 36 58 34 35 17 67 31 66 50 12 57 36 25 8 83 69 13 76 35 96 73 81 89 45 70 67 58 8 40 87 2 87 69 41 
13 67 64 84 51 16 80 84 67 59 29 99 15 11 27 62 36 62 100 24 47 68 28 91 63 15 91 25 60 96 38 23 77 78 34 85 26 88 91 5 49 91 45 68 80 70 49 16 18 26 71 44 38 
75 42 45 21 65 26 91 65 13 43 53 8 74 89 83 6 38 97 77 93 52 64 54 82 29 31 29 27 18 42 14 88 92 74 39 87 29 17 98 39 92 93 44 62 43 58 91 1 20 92 26 97 72 92 34 10 79 93 27 56 71 35 58 54 57 23 88 95 10 6 96 18 41 73 82 65 
100 70 25 83 16 61 80 64 27 68 26 18 
13 23 36 14 33 17 91 45 12 70 58 53 50 82 61 61 7 65 42 35 2 100 66 52 69 71 58 87 7 62 86 44 13 68 83 21 94 75 27 1 55 98 96 57 49 65 19 99 63 53 90 79 54 2 92 37 16 74 13 27 100 2 86 93 97 98 60 51 36 76 1 57 53 70 91 59 2 49 92 1 28 17 
59 40 56 66 76 35 33 4 59 99 85 41 31 15 47 40 75 60 33 73 16 32 51 53 76 62 90 47 95 67 9 30 54 96 68 
82 24 6 30 93 96 41 85 97 64 66 80 
64 58 67 70 26 68 54 58 78 57 38 73 6 55 86 54 85 76 26 47 90 73 48 13 87 47 75 38 75 30 16 10 61 33 48 80 26 37 77 68 63 8 33 87 35 68 67 54 29 26 60 28 99 67 34 65 55 17 28 8 29 81 75 35 19 97 7 80 46 97 87 92 98 86 64 50 33 5 25 60 64 79 26 67 63 27 67 83 81 4 82 93 94 
20 10 33 61 84 6 20 84 28 71 49 38 100 79 24 39 50 35 15 33 29 31 45 84 37 28 83 35 88 52 90 22 14 57 15 50 13 48 27 21 45 56 24 64 48 49 48 59 49 56 8 79 23 80 96 58 81 62 74 73 19 99 79 93 8 57 8 66 88 34 27 38 32 90 39 85 82 82 67 91 48 7 93 78 92 
9 98 43 37 49 99 8 92 78 63 62 50 35 77 59 26 41 13 3 19 20 42 87 56 88 51 23 89 2 61 54 7 2 31 56 24 96 19 11 61 1 20 80 59 59 36 49 59 39 43 89 19 27 15 36 40 20 20 
63 32 60 100 13 29 45 54 46 33 99 95 56 16 60 80 44 82 16 99 86 66 34 60 59 100 72 94 55 43 40 88 7 42 57 39 69 12 94 5 59 67 24 53 16 45 2 84 76 57 78 
61 83 20 73 75 36 35 38 60 18 39 75 9 90 65 91 68 96 29 72 37 83 81 34 70 67 21 32 38 33 62 75 46 42 8 42 87 85 84 
59 8 82 61 78 83 26 83 19 
54 95 98 51 70 15 57 67 16 23 52 22 97 16 33 76 44 35 22 73 71 89 40 30 45 62 87 60 45 90 88 97 5 3 
67 33 82 78 90 90 83 29 90 46 14 4 23 6 1 77 52 70 97 33 36 13 37 28 96 34 82 66 3 56 47 40 9 18 46 66 42 66 54 43 78 70 31 6 72 
8 99 75 46 18 97 8 6 89 9 30 97 13 60 77 53 60 92 26 58 76 80 93 
9 36 37 14 36 59 31 18 24 93 91 53 51 27 92 25 95 62 21 27 22 7 
63 40 82 50 82 70 38 22 53 93 40 5 27 24 81 24 76 8 52 71 55 86 93 43 33 63 83 30 39 69 21 87 60 64 8 
51 35 52 83 60 91 31 90 100 57 45 9 35 34 17 55 73 99 100 7 45 1 95 19 15 87 53 78 
15 48 87 11 1 12 87 59 17 3 93 31 35 55 27 9 38 57 29 52 86 68 17 61 31 37 87 90 65 
38 96 50 65 18 83 61 76 24 19 28 69 49 12 90 54 71 25 90 79 17 61 4 50 27 11 8 78 23 46 57 57 69 84 78 15 89 66 33 98 96 24 68 86 93 51 2 50 80 96 91 54 12 15 52 63 56 28 80 54 82 47 9 83 53 92 70 1 78 75 46 72 86 58 32 10 56 3 47 69 61 12 95 82 19 19 67 45 
53 62 32 95 86 16 43 84 4 99 39 34 96 55 6 44 20 56 66 75 44 63 39 33 57 55 69 32 38 54 50 84 51 41 97 97 65 9 63 26 18 93 53 70 74 74 21 2 59 36 53 43 54 46 89 1 54 97 35 28 96 32 46 82 69 4 68 79 96 53 34 
99 24 91 62 19 45 72 13 35 63 70 74 34 67 79 45 34 13 46 97 97 9 61 76 4 92 35 73 31 83 51 67 63 12 78 98 39 20 97 17 8 95 63 90 48 14 56 47 23 89 74 86 69 86 37 79 6 75 21 51 11 62 81 14 81 68 76 28 99 78 88 26 48 44 6 48 86 66 32 32 69 47 74 73 38 78 17 9 99 59 74 60 46 57 
59 11 44 87 58 9 59 91 43 73 92 97 74 53 83 88 40 79 19 97 67 19 66 56 13 34 14 76 73 18 50 88 60 50 26 67 56 25 29 29 98 9 32 87 32 87 27 2 24 87 43 16 30 46 73 53 
60 24 85 71 4 69 10 14 19 35 73 90 89 67 46 13 78 35 32 21 
4 3 63 51 87 89 27 9 62 17 18 27 68 96 48 34 40 43 99 67 71 32 90 85 75 84 92 12 39 64 87 24 33 53 17 68 93 35 99 32 60 48 54 5 23 30 38 65 74 90 21 99 63 35 33 24 21 77 33 85 66 97 67 41 41 48 89 16 51 49 60 64 14 46 63 40 91 50 73 84 69 47 5 36 61 59 52 51 96 78 71 80 63 50 57 60 
47 25 27 96 25 24 4 59 52 18 22 53 94 60 37 45 50 1 91 41 8 75 81 7 4 36 72 64 97 2 73 80 28 36 74 29 22 49 47 23 2 8 88 47 43 88 80 97 38 12 78 40 88 87 53 83 8 50 40 86 48 18 17 96 65 37 95 65 37 14 51 50 16 38 46 72 7 59 55 78 46 60 
17 95 11 20 20 80 34 8 42 43 28 67 27 33 23 29 4 22 18 38 50 9 56 23 15 40 36 96 6 23 64 13 39 39 25 55 37 65 51 100 82 84 
47 19 37 62 93 28 7 99 15 75 21 7 40 4 78 33 55 93 68 46 89 85 89 93 82 68 16 70 34 58 80 12 74 16 66 19 
24 64 89 14 20 83 6 13 89 1 11 52 5 4 69 37 84 38 29 38 74 64 55 28 17 29 16 18 25 72 94 12 30 86 80 73 43 100 42 73 42 22 11 56 39 63 94 30 78 4 82 57 77 14 77 40 13 15 37 96 11 74 99 26 8 
31 24 23 61 5 21 87 1 11 85 34 7 57 97 97 44 48 76 27 73 56 31 53 33 59 85 17 86 52 94 39 66 84 17 29 74 36 96 52 85 2 36 97 67 86 8 79 4 4 71 89 91 23 46 56 44 56 62 6 72 96 92 47 5 16 67 22 27 3 80 47 65 94 34 64 11 27 75 97 82 72 14 52 40 11 33 50 47 10 72 32 26 44 
46 10 15 26 
74 8 19 71 73 49 13 80 33 4 86 22 30 2 57 72 8 69 74 86 82 48 12 31 74 53 61 9 86 72 75 50 44 6 73 35 91 31 13 5 73 2 60 6 66 85 43 27 22 99 52 74 55 16 50 43 4 15 12 71 79 10 50 20 75 63 93 19 86 87 16 43 56 76 27 93 27 88 37 16 
23 32 56 90 67 67 54 20 79 20 42 30 33 85 21 77 28 15 47 80 55 91 2 60 83 32 51 32 17 86 58 13 69 78 92 3 77 15 66 20 99 73 64 60 93 84 49 17 38 88 94 36 89 74 76 6 39 68 34 77 99 1 42 99 88 88 78 5 95 15 87 4 99 32 75 73 96 20 23 26 43 22 11 68 19 71 47 76 3 33 65 59 97 68 80 72 94 55 83 
99 64 56 95 75 99 10 94 22 51 49 38 58 65 80 84 25 84 19 52 85 5 48 19 45 
2 74 22 52 21 64 99 84 83 2 10 7 23 21 73 69 30 50 41 99 91 47 47 65 75 86 77 54 97 7 8 100 63 49 26 51 35 69 47 77 17 93 21 43 31 7 48 73 84 3 92 63 47 64 12 94 55 90 16 66 1 84 68 34 84 42 86 51 19 36 83 23 45 1 31 85 89 73 41 61 100 
80 10 90 98 87 78 68 52 59 4 5 35 38 52 12 18 50 46 53 32 100 90 3 55 63 75 87 34 66 56 9 28 100 71 56 10 66 82 18 76 99 88 24 20 92 15 12 12 97 8 72 49 37 77 27 28 60 9 69 57 1 47 83 38 40 62 54 18 65 80 63 52 91 96 69 38 34 35 73 100 31 2 58 80 100 78 18 24 30 58 83 47 68 64 65 11 92 6 64 
59 31 96 47 16 1 17 23 77 59 53 1 86 20 50 17 97 71 36 75 22 9 52 51 27 74 16 79 73 81 72 48 35 86 50 18 60 20 87 67 57 78 34 95 74 46 93 82 11 32 22 75 10 32 71 89 98 100 90 59 78 95 21 22 71 10 32 56 21 1 54 60 70 60 17 72 45 39 96 71 90 79 38 30 27 76 28 15 
68 35 8 59 88 85 99 39 37 78 54 47 22 82 63 31 7 
6 76 46 26 36 66 33 37 40 99 84 52 96 2 79 18 16 22 52 79 20 39 49 31 96 89 29 83 2 
43 63 54 85 43 26 82 95 11 57 3 22 40 85 19 54 7 73 11 58 82 82 87 52 75 55 73 85 85 3 85 99 20 41 73 74 90 51 96 26 38 42 40 54 33 79 26 82 15 80 94 93 51 93 6 17 21 59 28 71 53 
50 36 50 99 75 87 23 38 95 92 87 82 56 41 52 17 69 51 5 63 3 65 11 9 50 40 21 56 20 9 3 
33 76 68 4 95 4 63 94 4 28 48 85 11 52 5 62 91 52 88 15 96 23 14 25 46 21 17 47 13 48 
4 62 26 12 88 90 53 55 11 54 14 14 68 30 62 59 25 37 7 83 45 60 59 60 68 88 12 56 22 99 8 61 75 81 2 34 10 62 51 27 
12 40 97 80 30 36 11 69 81 88 33 
48 54 78 45 77 92 24 96 34 84 38 97 86 68 31 47 5 65 79 8 29 3 67 40 74 58 80 21 88 64 55 65 41 61 18 24 83 75 94 63 6 82 16 88 4 94 7 6 81 4 96 99 17 17 21 13 48 72 26 30 94 80 
74 27 98 82 35 34 40 6 79 
77 53 90 81 48 54 57 12 32 81 82 48 63 66 96 71 52 91 29 10 53 98 79 20 83 65 3 30 83 
65 55 93 69 56 5 100 63 3 7 7 19 93 82 49 41 43 16 100 68 41 62 91 84 15 87 82 40 95 79 1 80 44 19 13 29 56 50 63 57 59 10 47 64 76 20 10 53 8 70 66 96 92 40 51 38 59 13 86 46 2 64 92 98 90 4 15 
11 44 52 46 75 68 15 53 70 73 18 42 10 10 91 74 66 85 4 9 62 87 10 22 42 28 91 95 17 33 23 24 59 68 70 17 62 36 37 35 28 68 29 71 30 9 80 9 71 
