[1, 2, 3, 4, 6, 8, 9, 12, 16, 18, 24, 27, 32, 36, 48, 54, 64, 72, 81, 96, 108, 128, 144, 162, 192, 216, 243, 256, 288, 324, 384, 432, 486, 512, 576, 648, 729, 768, 864, 972, 1024, 1152, 1296, 1458, 1536, 1728, 1944, 2048, 2187, 2304, 2592, 2916, 3072, 3456, 3888, 4096, 4374, 4608, 5184, 5832, 6144, 6561, 6912, 7776, 8192, 8748, 9216, 10368, 11664, 12288, 13122, 13824, 15552, 16384, 17496, 18432, 19683, 20736, 23328, 24576, 26244, 27648, 31104, 32768, 34992, 36864, 39366, 41472, 46656, 49152, 52488, 55296, 59049, 62208, 65536, 69984, 73728, 78732, 82944, 93312, 98304, 104976, 110592, 118098]
[1, 2, 3, 4, 5,
6, 8, 9, 10, 12,              14,
15, 16, 18, 20, 21,
22, 24, 25, 26, 27,
28, 30, 32, 33, 34,
35, 36, 38, 39, 40,
42, 44, 45, 46, 48,
50, 51, 52, 54, 55,
56, 57, 58, 60, 62,
 63, 64, 65, 66, 68,        69,
 70, 72, 74, 75, 76,
 78, 80, 81, 82, 84,
 85, 86, 87, 88, 90,
 92, 93, 94, 95, 96,
 98, 99, 100, 102, 104,           105,
  106, 108, 110, 111, 112,
   114, 115, 116, 117, 118,
    120, 122, 123, 124, 125,
     126, 128, 129, 130, 132,                 134]
     3240